"Y","tick"
100.69809625749133,1.0
99.30190374250866,1.0
101.39597986810004,2.0
98.60402013189996,2.0
102.09343824971774,3.0
97.90656175028225,3.0
102.79025894976502,4.0
97.20974105023498,4.0
103.48622970990631,5.0
96.51377029009367,5.0
104.18113853070614,6.0
95.81886146929386,6.0
104.8747737362059,7.0
95.1252262637941,7.0
105.56692403840262,8.0
94.43307596159738,8.0
106.25737860160923,9.0
93.74262139839077,9.0
106.9459271066772,10.0
93.05407289332278,10.0
107.63235981506179,11.0
92.36764018493821,11.0
108.31646763271036,12.0
91.68353236728963,12.0
108.9980421737546,13.0
91.0019578262454,13.0
109.6768758239867,14.0
90.3231241760133,14.0
110.35276180410084,15.0
89.64723819589918,15.0
111.02549423267996,16.0
88.97450576732004,16.0
111.69486818890947,17.0
88.30513181109053,17.0
112.36067977499789,18.0
87.63932022500211,18.0
113.02272617828626,19.0
86.97727382171374,19.0
113.68080573302674,20.0
86.31919426697326,20.0
114.334717981812,21.0
85.665282018188,21.0
114.98426373663648,22.0
85.01573626336352,22.0
115.62924513957094,23.0
84.37075486042906,23.0
116.26946572303201,24.0
83.730534276968,24.0
116.90473046962796,25.0
83.09526953037202,25.0
117.5348458715631,26.0
82.46515412843691,26.0
118.15961998958187,27.0
81.84038001041813,27.0
118.77886251143562,28.0
81.22113748856437,28.0
119.39238480985348,29.0
80.60761519014652,29.0
119.99999999999999,30.0
80.0,30.0
120.60152299640217,31.0
79.39847700359783,31.0
121.1967705693282,32.0
78.8032294306718,32.0
121.78556140060108,33.0
78.21443859939892,33.0
122.36771613882986,34.0
77.63228386117012,34.0
122.94305745404185,35.0
77.05694254595815,35.0
123.51141009169892,36.0
76.48858990830107,36.0
124.07260092608192,37.0
75.92739907391807,37.0
124.62645901302633,38.0
75.37354098697367,38.0
125.1728156419935,39.0
74.8271843580065,39.0
125.71150438746157,40.0
74.28849561253843,40.0
126.24236115962029,41.0
73.75763884037971,41.0
126.76522425435434,42.0
73.23477574564566,42.0
127.27993440249993,43.0
72.72006559750005,43.0
127.78633481835989,44.0
72.21366518164011,44.0
128.2842712474619,45.0
71.7157287525381,45.0
128.77359201354602,46.0
71.22640798645395,46.0
129.2541480647668,47.0
70.74585193523319,47.0
129.72579301909576,48.0
70.27420698090424,48.0
130.1883832089109,49.0
69.81161679108912,49.0
130.64177772475912,50.0
69.35822227524088,50.0
131.08583845827883,51.0
68.91416154172117,51.0
131.5204301442689,52.0
68.47956985573111,52.0
131.9454204018917,53.0
68.05457959810829,53.0
132.3606797749979,54.0
67.63932022500211,54.0
132.76608177155967,55.0
67.23391822844033,55.0
133.16150290220165,56.0
66.83849709779832,56.0
133.54682271781695,57.0
66.45317728218305,57.0
133.92192384625704,58.0
66.07807615374296,58.0
134.28669202808447,59.0
65.71330797191551,59.0
134.64101615137753,60.0
65.35898384862246,60.0
134.9847882855758,61.0
65.01521171442417,61.0
135.31790371435707,62.0
64.68209628564293,62.0
135.64026096753472,63.0
64.35973903246528,63.0
135.95176185196667,64.0
64.04823814803332,64.0
136.252311481466,65.0
63.747688518534005,65.0
136.54181830570406,66.0
63.458181694295966,66.0
136.8201941380976,67.0
63.17980586190239,67.0
137.0873541826715,68.0
62.9126458173285,68.0
137.34321705988805,69.0
62.65678294011193,69.0
137.58770483143633,70.0
62.412295168563666,70.0
137.82074302397268,71.0
62.17925697602733,71.0
138.04226065180615,72.0
61.95773934819386,72.0
138.25219023852142,73.0
61.747809761478585,73.0
138.45046783753276,74.0
61.549532162467244,74.0
138.63703305156272,75.0
61.36296694843727,75.0
138.81182905103987,76.0
61.18817094896014,76.0
138.9748025914094,77.0
61.02519740859059,77.0
139.12590402935223,78.0
60.87409597064778,78.0
139.26508733790655,79.0
60.73491266209344,79.0
139.39231012048833,80.0
60.60768987951168,80.0
139.5075336238055,81.0
60.492466376194486,81.0
139.6107227496628,82.0
60.38927725033719,82.0
139.7018460656529,83.0
60.29815393434712,83.0
139.78087581473093,84.0
60.21912418526907,84.0
139.8477879236698,85.0
60.15221207633018,85.0
139.90256201039296,86.0
60.09743798960703,86.0
139.94518139018294,87.0
60.05481860981705,87.0
139.97563308076383,88.0
60.02436691923617,88.0
139.99390780625566,89.0
60.00609219374435,89.0
140.0,90.0
60.0,90.0
139.99390780625566,91.0
60.00609219374435,91.0
139.97563308076383,92.0
60.02436691923617,92.0
139.94518139018294,93.0
60.05481860981705,93.0
139.90256201039296,94.0
60.09743798960703,94.0
139.8477879236698,95.0
60.15221207633018,95.0
139.78087581473093,96.0
60.21912418526907,96.0
139.7018460656529,97.0
60.29815393434711,97.0
139.6107227496628,98.0
60.38927725033719,98.0
139.5075336238055,99.0
60.49246637619449,99.0
139.39231012048833,100.0
60.60768987951168,100.0
139.26508733790655,101.0
60.73491266209344,101.0
139.12590402935223,102.0
60.87409597064777,102.0
138.9748025914094,103.0
61.02519740859059,103.0
138.81182905103987,104.0
61.18817094896014,104.0
138.63703305156275,105.0
61.36296694843727,105.0
138.45046783753276,106.0
61.549532162467244,106.0
138.25219023852142,107.0
61.74780976147858,107.0
138.04226065180615,108.0
61.957739348193854,108.0
137.82074302397268,109.0
62.179256976027325,109.0
137.58770483143633,110.0
62.41229516856366,110.0
137.34321705988808,111.0
62.65678294011193,111.0
137.0873541826715,112.0
62.9126458173285,112.0
136.82019413809763,113.0
63.17980586190239,113.0
136.54181830570406,114.0
63.45818169429596,114.0
136.252311481466,115.0
63.747688518534,115.0
135.9517618519667,116.0
64.04823814803332,116.0
135.64026096753472,117.0
64.35973903246528,117.0
135.3179037143571,118.0
64.68209628564291,118.0
134.98478828557583,119.0
65.01521171442417,119.0
134.64101615137756,120.0
65.35898384862244,120.0
134.2866920280845,121.0
65.7133079719155,121.0
133.92192384625704,122.0
66.07807615374296,122.0
133.54682271781698,123.0
66.45317728218303,123.0
133.16150290220168,124.0
66.83849709779832,124.0
132.7660817715597,125.0
67.23391822844032,125.0
132.3606797749979,126.0
67.63932022500211,126.0
131.9454204018917,127.0
68.05457959810829,127.0
131.5204301442689,128.0
68.47956985573111,128.0
131.08583845827883,129.0
68.91416154172116,129.0
130.64177772475912,130.0
69.35822227524088,130.0
130.1883832089109,131.0
69.81161679108914,131.0
129.72579301909576,132.0
70.27420698090424,132.0
129.25414806476684,133.0
70.74585193523318,133.0
128.77359201354605,134.0
71.22640798645395,134.0
128.2842712474619,135.0
71.7157287525381,135.0
127.7863348183599,136.0
72.21366518164011,136.0
127.27993440249993,137.0
72.72006559750005,137.0
126.76522425435435,138.0
73.23477574564566,138.0
126.24236115962029,139.0
73.75763884037971,139.0
125.71150438746159,140.0
74.28849561253841,140.0
125.17281564199351,141.0
74.82718435800649,141.0
124.62645901302633,142.0
75.37354098697367,142.0
124.07260092608193,143.0
75.92739907391808,143.0
123.51141009169893,144.0
76.48858990830107,144.0
122.94305745404186,145.0
77.05694254595815,145.0
122.36771613882989,146.0
77.63228386117012,146.0
121.78556140060108,147.0
78.21443859939893,147.0
121.19677056932821,148.0
78.8032294306718,148.0
120.60152299640218,149.0
79.39847700359783,149.0
119.99999999999999,150.0
80.0,150.0
119.39238480985351,151.0
80.60761519014652,151.0
118.77886251143563,152.0
81.22113748856435,152.0
118.15961998958187,153.0
81.84038001041813,153.0
117.5348458715631,154.0
82.46515412843691,154.0
116.90473046962796,155.0
83.09526953037202,155.0
116.26946572303204,156.0
83.73053427696799,156.0
115.62924513957095,157.0
84.37075486042903,157.0
114.98426373663649,158.0
85.01573626336351,158.0
114.33471798181203,159.0
85.665282018188,159.0
113.68080573302674,160.0
86.31919426697324,160.0
113.0227261782863,161.0
86.97727382171372,161.0
112.3606797749979,162.0
87.6393202250021,162.0
111.69486818890948,163.0
88.30513181109052,163.0
111.02549423267999,164.0
88.97450576732001,164.0
110.35276180410082,165.0
89.64723819589916,165.0
109.67687582398672,166.0
90.3231241760133,166.0
108.99804217375461,167.0
91.00195782624542,167.0
108.31646763271036,168.0
91.68353236728963,168.0
107.63235981506182,169.0
92.3676401849382,169.0
106.94592710667722,170.0
93.05407289332278,170.0
106.25737860160925,171.0
93.74262139839077,171.0
105.56692403840263,172.0
94.43307596159737,172.0
104.8747737362059,173.0
95.1252262637941,173.0
104.18113853070618,174.0
95.81886146929385,174.0
103.48622970990633,175.0
96.51377029009366,175.0
102.79025894976502,176.0
97.20974105023498,176.0
102.09343824971778,177.0
97.90656175028225,177.0
101.39597986810003,178.0
98.60402013189997,178.0
100.69809625749134,179.0
99.30190374250866,179.0
100.00000000000001,180.0
100.0,180.0
99.30190374250867,181.0
100.69809625749133,181.0
98.60402013189999,182.0
101.39597986810004,182.0
97.90656175028225,183.0
102.09343824971774,183.0
97.20974105023502,184.0
102.79025894976499,184.0
96.51377029009369,185.0
103.48622970990631,185.0
95.81886146929388,186.0
104.18113853070612,186.0
95.12522626379409,187.0
104.87477373620591,187.0
94.43307596159738,188.0
105.56692403840262,188.0
93.74262139839078,189.0
106.25737860160923,189.0
93.0540728933228,190.0
106.94592710667722,190.0
92.3676401849382,191.0
107.63235981506179,191.0
91.68353236728966,192.0
108.31646763271036,192.0
91.0019578262454,193.0
108.9980421737546,193.0
90.32312417601331,194.0
109.6768758239867,194.0
89.64723819589919,195.0
110.35276180410081,195.0
88.97450576732003,196.0
111.02549423267996,196.0
88.30513181109056,197.0
111.69486818890945,197.0
87.63932022500211,198.0
112.3606797749979,198.0
86.97727382171371,199.0
113.02272617828626,199.0
86.31919426697328,200.0
113.68080573302674,200.0
85.66528201818798,201.0
114.33471798181202,201.0
85.01573626336352,202.0
114.98426373663648,202.0
84.37075486042906,203.0
115.62924513957094,203.0
83.73053427696802,204.0
116.269465723032,204.0
83.09526953037205,205.0
116.90473046962796,205.0
82.46515412843691,206.0
117.53484587156308,206.0
81.84038001041817,207.0
118.15961998958184,207.0
81.22113748856438,208.0
118.77886251143563,208.0
80.6076151901465,209.0
119.39238480985348,209.0
80.0,210.0
120.0,210.0
79.39847700359783,211.0
120.60152299640217,211.0
78.80322943067182,212.0
121.1967705693282,212.0
78.21443859939893,213.0
121.78556140060108,213.0
77.63228386117012,214.0
122.36771613882986,214.0
77.0569425459582,215.0
122.94305745404183,215.0
76.48858990830108,216.0
123.51141009169892,216.0
75.92739907391808,217.0
124.07260092608192,217.0
75.3735409869737,218.0
124.6264590130263,218.0
74.82718435800649,219.0
125.17281564199351,219.0
74.28849561253844,220.0
125.71150438746157,220.0
73.75763884037971,221.0
126.24236115962029,221.0
73.23477574564566,222.0
126.76522425435434,222.0
72.72006559750008,223.0
127.27993440249993,223.0
72.21366518164011,224.0
127.78633481835989,224.0
71.7157287525381,225.0
128.2842712474619,225.0
71.22640798645396,226.0
128.77359201354602,226.0
70.74585193523319,227.0
129.2541480647668,227.0
70.27420698090425,228.0
129.72579301909576,228.0
69.81161679108912,229.0
130.18838320891086,229.0
69.35822227524089,230.0
130.64177772475912,230.0
68.91416154172116,231.0
131.08583845827883,231.0
68.47956985573111,232.0
131.5204301442689,232.0
68.05457959810829,233.0
131.9454204018917,233.0
67.63932022500211,234.0
132.3606797749979,234.0
67.23391822844034,235.0
132.76608177155967,235.0
66.83849709779835,236.0
133.16150290220165,236.0
66.45317728218303,237.0
133.54682271781695,237.0
66.07807615374297,238.0
133.92192384625704,238.0
65.71330797191551,239.0
134.28669202808447,239.0
65.35898384862247,240.0
134.64101615137753,240.0
65.01521171442417,241.0
134.98478828557583,241.0
64.68209628564293,242.0
135.31790371435707,242.0
64.35973903246528,243.0
135.64026096753472,243.0
64.04823814803333,244.0
135.95176185196667,244.0
63.74768851853401,245.0
136.252311481466,245.0
63.458181694295966,246.0
136.54181830570406,246.0
63.17980586190239,247.0
136.8201941380976,247.0
62.91264581732851,248.0
137.0873541826715,248.0
62.65678294011194,249.0
137.34321705988805,249.0
62.41229516856367,250.0
137.58770483143633,250.0
62.17925697602733,251.0
137.82074302397268,251.0
61.95773934819386,252.0
138.04226065180615,252.0
61.747809761478585,253.0
138.25219023852142,253.0
61.549532162467244,254.0
138.45046783753276,254.0
61.36296694843727,255.0
138.63703305156272,255.0
61.18817094896014,256.0
138.81182905103987,256.0
61.02519740859059,257.0
138.9748025914094,257.0
60.87409597064778,258.0
139.12590402935223,258.0
60.73491266209345,259.0
139.26508733790655,259.0
60.60768987951168,260.0
139.39231012048833,260.0
60.49246637619449,261.0
139.5075336238055,261.0
60.38927725033719,262.0
139.6107227496628,262.0
60.29815393434711,263.0
139.7018460656529,263.0
60.21912418526907,264.0
139.78087581473093,264.0
60.15221207633018,265.0
139.8477879236698,265.0
60.09743798960703,266.0
139.90256201039296,266.0
60.05481860981705,267.0
139.94518139018294,267.0
60.02436691923617,268.0
139.97563308076383,268.0
60.00609219374435,269.0
139.99390780625566,269.0
60.0,270.0
140.0,270.0
60.00609219374435,271.0
139.99390780625566,271.0
60.02436691923617,272.0
139.97563308076383,272.0
60.05481860981705,273.0
139.94518139018294,273.0
60.09743798960703,274.0
139.90256201039296,274.0
60.15221207633018,275.0
139.8477879236698,275.0
60.21912418526907,276.0
139.78087581473093,276.0
60.29815393434712,277.0
139.7018460656529,277.0
60.38927725033719,278.0
139.6107227496628,278.0
60.492466376194486,279.0
139.5075336238055,279.0
60.607689879511675,280.0
139.39231012048833,280.0
60.73491266209344,281.0
139.26508733790655,281.0
60.874095970647765,282.0
139.12590402935223,282.0
61.02519740859059,283.0
138.9748025914094,283.0
61.18817094896015,284.0
138.81182905103987,284.0
61.36296694843726,285.0
138.63703305156272,285.0
61.549532162467244,286.0
138.45046783753276,286.0
61.74780976147859,287.0
138.25219023852142,287.0
61.957739348193854,288.0
138.04226065180615,288.0
62.17925697602731,289.0
137.82074302397268,289.0
62.41229516856365,290.0
137.58770483143633,290.0
62.65678294011193,291.0
137.34321705988808,291.0
62.91264581732848,292.0
137.0873541826715,292.0
63.17980586190238,293.0
136.82019413809763,293.0
63.45818169429597,294.0
136.54181830570403,294.0
63.74768851853399,295.0
136.252311481466,295.0
64.04823814803332,296.0
135.9517618519667,296.0
64.3597390324653,297.0
135.64026096753472,297.0
64.68209628564291,298.0
135.3179037143571,298.0
65.01521171442414,299.0
134.98478828557586,299.0
65.35898384862247,300.0
134.64101615137753,300.0
65.7133079719155,301.0
134.2866920280845,301.0
66.07807615374293,302.0
133.92192384625704,302.0
66.45317728218302,303.0
133.54682271781698,303.0
66.83849709779834,304.0
133.16150290220168,304.0
67.2339182284403,305.0
132.76608177155967,305.0
67.6393202250021,306.0
132.3606797749979,306.0
68.05457959810829,307.0
131.94542040189174,307.0
68.47956985573111,308.0
131.52043014426886,308.0
68.91416154172117,309.0
131.08583845827883,309.0
69.3582222752409,310.0
130.64177772475912,310.0
69.81161679108911,311.0
130.1883832089109,311.0
70.27420698090418,312.0
129.7257930190958,312.0
70.74585193523316,313.0
129.25414806476684,313.0
71.22640798645395,314.0
128.77359201354608,314.0
71.71572875253807,315.0
128.2842712474619,315.0
72.2136651816401,316.0
127.7863348183599,316.0
72.72006559750007,317.0
127.27993440249993,317.0
73.23477574564563,318.0
126.76522425435432,318.0
73.7576388403797,319.0
126.24236115962029,319.0
74.28849561253844,320.0
125.71150438746159,320.0
74.82718435800649,321.0
125.17281564199351,321.0
75.37354098697361,322.0
124.62645901302636,322.0
75.9273990739181,323.0
124.07260092608193,323.0
76.48858990830107,324.0
123.51141009169893,324.0
77.05694254595811,325.0
122.94305745404186,325.0
77.6322838611701,326.0
122.36771613882989,326.0
78.21443859939892,327.0
121.78556140060108,327.0
78.80322943067176,328.0
121.19677056932824,328.0
79.39847700359782,329.0
120.60152299640218,329.0
80.0,330.0
120.00000000000001,330.0
80.60761519014649,331.0
119.39238480985347,331.0
81.22113748856437,332.0
118.77886251143563,332.0
81.84038001041814,333.0
118.15961998958187,333.0
82.46515412843688,334.0
117.53484587156308,334.0
83.09526953037197,335.0
116.90473046962799,335.0
83.73053427696803,336.0
116.269465723032,336.0
84.37075486042905,337.0
115.62924513957098,337.0
85.01573626336346,338.0
114.98426373663649,338.0
85.66528201818797,339.0
114.33471798181203,339.0
86.31919426697326,340.0
113.68080573302674,340.0
86.9772738217137,341.0
113.0227261782863,341.0
87.63932022500208,342.0
112.3606797749979,342.0
88.30513181109055,343.0
111.69486818890945,343.0
88.97450576732001,344.0
111.02549423267999,344.0
89.64723819589916,345.0
110.35276180410082,345.0
90.32312417601332,346.0
109.67687582398672,346.0
91.00195782624539,347.0
108.99804217375461,347.0
91.68353236728956,348.0
108.3164676327104,348.0
92.36764018493824,349.0
107.63235981506179,349.0
93.05407289332278,350.0
106.94592710667725,350.0
93.74262139839071,351.0
106.25737860160925,351.0
94.43307596159735,352.0
105.56692403840263,352.0
95.1252262637941,353.0
104.87477373620592,353.0
95.81886146929382,354.0
104.18113853070614,354.0
96.51377029009366,355.0
103.48622970990633,355.0
97.20974105023501,356.0
102.79025894976499,356.0
97.90656175028222,357.0
102.09343824971778,357.0
98.60402013189996,358.0
101.39597986810003,358.0
99.30190374250861,359.0
100.69809625749137,359.0
99.99999999999999,360.0
100.00000000000001,360.0
100.69809625749129,361.0
99.30190374250867,361.0
101.39597986810001,362.0
98.60402013189999,362.0
102.09343824971775,363.0
97.90656175028225,363.0
102.79025894976496,364.0
97.209741050235,364.0
103.48622970990638,365.0
96.51377029009365,365.0
104.18113853070615,366.0
95.81886146929388,366.0
104.87477373620587,367.0
95.12522626379409,367.0
105.56692403840255,368.0
94.43307596159742,368.0
106.25737860160926,369.0
93.74262139839078,369.0
106.94592710667719,370.0
93.0540728933228,370.0
107.6323598150618,371.0
92.3676401849382,371.0
108.31646763271033,372.0
91.68353236728966,372.0
108.99804217375458,373.0
91.0019578262454,373.0
109.67687582398672,374.0
90.32312417601327,374.0
110.35276180410081,375.0
89.64723819589919,375.0
111.02549423267996,376.0
88.97450576732003,376.0
111.69486818890942,377.0
88.30513181109053,377.0
112.36067977499788,378.0
87.63932022500211,378.0
113.02272617828628,379.0
86.97727382171375,379.0
113.68080573302672,380.0
86.31919426697324,380.0
114.33471798181193,381.0
85.66528201818802,381.0
114.9842637366365,382.0
85.01573626336352,382.0
115.62924513957094,383.0
84.37075486042909,383.0
116.26946572303194,384.0
83.73053427696802,384.0
116.904730469628,385.0
83.09526953037202,385.0
117.53484587156309,386.0
82.46515412843691,386.0
118.1596199895819,387.0
81.8403800104181,387.0
118.7788625114356,388.0
81.22113748856438,388.0
119.39238480985348,389.0
80.6076151901465,389.0
119.99999999999997,390.0
80.00000000000003,390.0
120.60152299640215,391.0
79.39847700359783,391.0
121.19677056932821,392.0
78.80322943067182,392.0
121.78556140060107,393.0
78.21443859939893,393.0
122.36771613882982,394.0
77.63228386117015,394.0
122.94305745404188,395.0
77.05694254595815,395.0
123.5114100916989,396.0
76.48858990830107,396.0
124.07260092608189,397.0
75.92739907391808,397.0
124.62645901302636,398.0
75.37354098697367,398.0
125.1728156419935,399.0
74.82718435800652,399.0
125.71150438746153,400.0
74.28849561253844,400.0
126.24236115962027,401.0
73.75763884037971,401.0
126.76522425435434,402.0
73.23477574564566,402.0
127.27993440249992,403.0
72.72006559750008,403.0
127.78633481835989,404.0
72.21366518164011,404.0
128.28427124746187,405.0
71.71572875253813,405.0
128.77359201354602,406.0
71.22640798645396,406.0
129.2541480647668,407.0
70.74585193523318,407.0
129.72579301909573,408.0
70.27420698090425,408.0
130.18838320891086,409.0
69.81161679108912,409.0
130.6417777247591,410.0
69.35822227524089,410.0
131.08583845827886,411.0
68.91416154172116,411.0
131.5204301442689,412.0
68.47956985573114,412.0
131.94542040189168,413.0
68.05457959810829,413.0
132.36067977499783,414.0
67.63932022500214,414.0
132.76608177155967,415.0
67.23391822844034,415.0
133.16150290220165,416.0
66.83849709779832,416.0
133.54682271781695,417.0
66.45317728218303,417.0
133.92192384625704,418.0
66.07807615374297,418.0
134.28669202808447,419.0
65.71330797191551,419.0
134.64101615137756,420.0
65.35898384862244,420.0
134.9847882855758,421.0
65.01521171442418,421.0
135.31790371435707,422.0
64.68209628564293,422.0
135.6402609675347,423.0
64.35973903246528,423.0
135.95176185196667,424.0
64.04823814803333,424.0
136.252311481466,425.0
63.74768851853401,425.0
136.54181830570403,426.0
63.458181694295966,426.0
136.82019413809763,427.0
63.17980586190237,427.0
137.0873541826715,428.0
62.91264581732851,428.0
137.34321705988805,429.0
62.656782940111924,429.0
137.58770483143633,430.0
62.41229516856367,430.0
137.82074302397268,431.0
62.17925697602733,431.0
138.04226065180615,432.0
61.95773934819386,432.0
138.25219023852142,433.0
61.74780976147858,433.0
138.45046783753276,434.0
61.54953216246725,434.0
138.63703305156272,435.0
61.36296694843727,435.0
138.81182905103984,436.0
61.18817094896015,436.0
138.9748025914094,437.0
61.02519740859059,437.0
139.12590402935223,438.0
60.87409597064777,438.0
139.26508733790655,439.0
60.73491266209345,439.0
139.39231012048833,440.0
60.60768987951168,440.0
139.5075336238055,441.0
60.49246637619449,441.0
139.6107227496628,442.0
60.38927725033719,442.0
139.7018460656529,443.0
60.29815393434712,443.0
139.78087581473093,444.0
60.21912418526907,444.0
139.8477879236698,445.0
60.15221207633018,445.0
139.90256201039296,446.0
60.09743798960703,446.0
139.94518139018294,447.0
60.05481860981705,447.0
139.97563308076383,448.0
60.02436691923617,448.0
139.99390780625566,449.0
60.00609219374435,449.0
140.0,450.0
60.0,450.0
139.99390780625566,451.0
60.00609219374435,451.0
139.97563308076383,452.0
60.02436691923617,452.0
139.94518139018294,453.0
60.05481860981705,453.0
139.90256201039296,454.0
60.09743798960703,454.0
139.8477879236698,455.0
60.15221207633018,455.0
139.78087581473093,456.0
60.21912418526907,456.0
139.7018460656529,457.0
60.29815393434712,457.0
139.6107227496628,458.0
60.38927725033718,458.0
139.5075336238055,459.0
60.492466376194486,459.0
139.39231012048833,460.0
60.607689879511675,460.0
139.26508733790655,461.0
60.73491266209344,461.0
139.12590402935223,462.0
60.87409597064778,462.0
138.9748025914094,463.0
61.02519740859059,463.0
138.81182905103987,464.0
61.18817094896015,464.0
138.63703305156275,465.0
61.36296694843726,465.0
138.45046783753276,466.0
61.549532162467244,466.0
138.25219023852142,467.0
61.74780976147857,467.0
138.04226065180615,468.0
61.957739348193854,468.0
137.82074302397268,469.0
62.17925697602731,469.0
137.58770483143635,470.0
62.41229516856365,470.0
137.34321705988808,471.0
62.65678294011193,471.0
137.0873541826715,472.0
62.91264581732848,472.0
136.82019413809763,473.0
63.17980586190238,473.0
136.54181830570403,474.0
63.45818169429597,474.0
136.25231148146602,475.0
63.74768851853399,475.0
135.9517618519667,476.0
64.04823814803332,476.0
135.64026096753472,477.0
64.3597390324653,477.0
135.3179037143571,478.0
64.68209628564291,478.0
134.98478828557583,479.0
65.01521171442417,479.0
134.64101615137756,480.0
65.35898384862244,480.0
134.2866920280845,481.0
65.7133079719155,481.0
133.92192384625702,482.0
66.07807615374297,482.0
133.54682271781698,483.0
66.45317728218302,483.0
133.16150290220168,484.0
66.83849709779834,484.0
132.7660817715597,485.0
67.2339182284403,485.0
132.3606797749979,486.0
67.6393202250021,486.0
131.94542040189174,487.0
68.05457959810825,487.0
131.52043014426891,488.0
68.47956985573111,488.0
131.08583845827883,489.0
68.91416154172117,489.0
130.64177772475915,490.0
69.35822227524085,490.0
130.1883832089109,491.0
69.81161679108911,491.0
129.72579301909576,492.0
70.27420698090424,492.0
129.2541480647668,493.0
70.7458519352332,493.0
128.77359201354605,494.0
71.22640798645395,494.0
128.2842712474619,495.0
71.71572875253811,495.0
127.7863348183599,496.0
72.2136651816401,496.0
127.27993440249995,497.0
72.72006559750007,497.0
126.76522425435437,498.0
73.23477574564563,498.0
126.2423611596203,499.0
73.7576388403797,499.0
125.71150438746162,500.0
74.28849561253838,500.0
125.17281564199352,501.0
74.82718435800649,501.0
124.62645901302633,502.0
75.37354098697367,502.0
124.07260092608198,503.0
75.92739907391802,503.0
123.51141009169893,504.0
76.48858990830107,504.0
122.94305745404189,505.0
77.05694254595811,505.0
122.3677161388299,506.0
77.6322838611701,506.0
121.7855614006011,507.0
78.21443859939892,507.0
121.19677056932818,508.0
78.80322943067182,508.0
120.6015229964022,509.0
79.39847700359782,509.0
120.0,510.0
80.0,510.0
119.39238480985352,511.0
80.60761519014649,511.0
118.77886251143565,512.0
81.22113748856437,512.0
118.15961998958186,513.0
81.84038001041814,513.0
117.53484587156312,514.0
82.46515412843688,514.0
116.90473046962798,515.0
83.09526953037202,515.0
116.26946572303206,516.0
83.73053427696796,516.0
115.62924513957097,517.0
84.37075486042905,517.0
114.98426373663654,518.0
85.01573626336346,518.0
114.33471798181203,519.0
85.66528201818797,519.0
113.68080573302676,520.0
86.31919426697326,520.0
113.0227261782863,521.0
86.9772738217137,521.0
112.36067977499792,522.0
87.63932022500208,522.0
111.69486818890947,523.0
88.30513181109055,523.0
111.02549423267993,524.0
88.97450576732007,524.0
110.35276180410084,525.0
89.64723819589916,525.0
109.67687582398669,526.0
90.32312417601332,526.0
108.99804217375463,527.0
91.00195782624539,527.0
108.31646763271037,528.0
91.68353236728963,528.0
107.63235981506183,529.0
92.36764018493818,529.0
106.94592710667723,530.0
93.05407289332278,530.0
106.25737860160929,531.0
93.74262139839071,531.0
105.56692403840265,532.0
94.43307596159735,532.0
104.87477373620597,533.0
95.12522626379403,533.0
104.18113853070618,534.0
95.81886146929382,534.0
103.48622970990634,535.0
96.51377029009366,535.0
102.79025894976508,536.0
97.20974105023494,536.0
102.09343824971778,537.0
97.90656175028222,537.0
101.39597986810004,538.0
98.60402013189996,538.0
100.69809625749131,539.0
99.30190374250869,539.0
100.00000000000001,540.0
99.99999999999999,540.0
99.30190374250866,541.0
100.69809625749136,541.0
98.6040201319,542.0
101.39597986810001,542.0
97.90656175028225,543.0
102.09343824971775,543.0
97.20974105023497,544.0
102.79025894976503,544.0
96.5137702900937,545.0
103.48622970990631,545.0
95.81886146929386,546.0
104.18113853070615,546.0
95.12522626379413,547.0
104.87477373620587,547.0
94.4330759615974,548.0
105.56692403840262,548.0
93.74262139839082,549.0
106.25737860160919,549.0
93.05407289332281,550.0
106.94592710667719,550.0
92.36764018493828,551.0
107.63235981506173,551.0
91.68353236728967,552.0
108.31646763271033,552.0
91.00195782624542,553.0
108.99804217375458,553.0
90.32312417601328,554.0
109.67687582398672,554.0
89.64723819589913,555.0
110.35276180410088,555.0
88.97450576732004,556.0
111.02549423267996,556.0
88.3051318110905,557.0
111.6948681889095,557.0
87.63932022500212,558.0
112.36067977499788,558.0
86.97727382171372,559.0
113.02272617828628,559.0
86.31919426697328,560.0
113.68080573302672,560.0
85.665282018188,561.0
114.334717981812,561.0
85.01573626336356,562.0
114.98426373663644,562.0
84.37075486042907,563.0
115.62924513957094,563.0
83.73053427696806,564.0
116.26946572303194,564.0
83.09526953037206,565.0
116.90473046962795,565.0
82.46515412843692,566.0
117.53484587156309,566.0
81.84038001041819,567.0
118.15961998958183,567.0
81.2211374885644,568.0
118.7788625114356,568.0
80.60761519014652,569.0
119.39238480985348,569.0
79.99999999999997,570.0
120.00000000000003,570.0
79.39847700359785,571.0
120.60152299640215,571.0
78.80322943067179,572.0
121.19677056932821,572.0
78.21443859939895,573.0
121.78556140060107,573.0
77.63228386117014,574.0
122.36771613882988,574.0
77.0569425459582,575.0
122.9430574540418,575.0
76.4885899083011,576.0
123.5114100916989,576.0
75.92739907391807,577.0
124.07260092608195,577.0
75.3735409869737,578.0
124.6264590130263,578.0
74.8271843580065,579.0
125.1728156419935,579.0
74.28849561253847,580.0
125.71150438746153,580.0
73.75763884037973,581.0
126.24236115962027,581.0
73.23477574564572,582.0
126.76522425435428,582.0
72.72006559750008,583.0
127.27993440249992,583.0
72.21366518164012,584.0
127.78633481835989,584.0
71.71572875253808,585.0
128.2842712474619,585.0
71.22640798645398,586.0
128.77359201354602,586.0
70.74585193523319,587.0
129.2541480647668,587.0
70.27420698090421,588.0
129.7257930190958,588.0
69.81161679108914,589.0
130.18838320891086,589.0
69.35822227524088,590.0
130.64177772475912,590.0
68.91416154172119,591.0
131.08583845827883,591.0
68.47956985573113,592.0
131.5204301442689,592.0
68.05457959810832,593.0
131.94542040189168,593.0
67.63932022500211,594.0
132.3606797749979,594.0
67.23391822844036,595.0
132.76608177155964,595.0
66.83849709779835,596.0
133.16150290220165,596.0
66.45317728218308,597.0
133.54682271781692,597.0
66.07807615374298,598.0
133.92192384625702,598.0
65.71330797191553,599.0
134.28669202808447,599.0
65.35898384862244,600.0
134.64101615137756,600.0
65.01521171442415,601.0
134.98478828557586,601.0
64.68209628564293,602.0
135.31790371435707,602.0
64.35973903246528,603.0
135.64026096753472,603.0
64.04823814803333,604.0
135.95176185196667,604.0
63.747688518534005,605.0
136.252311481466,605.0
63.45818169429598,606.0
136.54181830570403,606.0
63.179805861902395,607.0
136.8201941380976,607.0
62.912645817328524,608.0
137.08735418267148,608.0
62.656782940111945,609.0
137.34321705988805,609.0
62.412295168563666,610.0
137.58770483143633,610.0
62.17925697602735,611.0
137.82074302397265,611.0
61.95773934819386,612.0
138.04226065180615,612.0
61.7478097614786,613.0
138.2521902385214,613.0
61.54953216246726,614.0
138.45046783753276,614.0
61.362966948437276,615.0
138.63703305156272,615.0
61.188170948960135,616.0
138.81182905103987,616.0
61.02519740859059,617.0
138.9748025914094,617.0
60.87409597064777,618.0
139.12590402935223,618.0
60.734912662093436,619.0
139.26508733790655,619.0
60.60768987951168,620.0
139.39231012048833,620.0
60.492466376194486,621.0
139.5075336238055,621.0
60.38927725033719,622.0
139.6107227496628,622.0
60.29815393434712,623.0
139.7018460656529,623.0
60.219124185269074,624.0
139.78087581473093,624.0
60.15221207633018,625.0
139.8477879236698,625.0
60.09743798960704,626.0
139.90256201039296,626.0
60.05481860981705,627.0
139.94518139018294,627.0
60.02436691923617,628.0
139.97563308076383,628.0
60.00609219374435,629.0
139.99390780625566,629.0
60.0,630.0
140.0,630.0
60.00609219374435,631.0
139.99390780625566,631.0
60.02436691923617,632.0
139.97563308076383,632.0
60.05481860981705,633.0
139.94518139018294,633.0
60.09743798960703,634.0
139.90256201039296,634.0
60.15221207633018,635.0
139.8477879236698,635.0
60.21912418526907,636.0
139.78087581473093,636.0
60.29815393434711,637.0
139.7018460656529,637.0
60.38927725033719,638.0
139.6107227496628,638.0
60.49246637619448,639.0
139.5075336238055,639.0
60.60768987951167,640.0
139.39231012048833,640.0
60.73491266209344,641.0
139.26508733790655,641.0
60.874095970647765,642.0
139.12590402935223,642.0
61.025197408590586,643.0
138.9748025914094,643.0
61.18817094896013,644.0
138.81182905103987,644.0
61.36296694843726,645.0
138.63703305156275,645.0
61.549532162467244,646.0
138.45046783753276,646.0
61.747809761478585,647.0
138.25219023852142,647.0
61.95773934819385,648.0
138.04226065180615,648.0
62.17925697602733,649.0
137.82074302397268,649.0
62.41229516856365,650.0
137.58770483143635,650.0
62.656782940111924,651.0
137.34321705988808,651.0
62.91264581732848,652.0
137.0873541826715,652.0
63.1798058619024,653.0
136.82019413809758,653.0
63.458181694295966,654.0
136.54181830570403,654.0
63.747688518533984,655.0
136.25231148146602,655.0
64.04823814803328,656.0
135.95176185196672,656.0
64.35973903246528,657.0
135.64026096753472,657.0
64.6820962856429,658.0
135.3179037143571,658.0
65.01521171442414,659.0
134.98478828557586,659.0
65.35898384862243,660.0
134.64101615137756,660.0
65.7133079719155,661.0
134.2866920280845,661.0
66.07807615374297,662.0
133.92192384625702,662.0
66.45317728218302,663.0
133.54682271781698,663.0
66.83849709779832,664.0
133.16150290220168,664.0
67.23391822844034,665.0
132.76608177155964,665.0
67.63932022500208,666.0
132.3606797749979,666.0
68.05457959810825,667.0
131.94542040189174,667.0
68.47956985573114,668.0
131.52043014426886,668.0
68.91416154172116,669.0
131.08583845827883,669.0
69.35822227524085,670.0
130.64177772475915,670.0
69.81161679108905,671.0
130.18838320891095,671.0
70.27420698090424,672.0
129.72579301909576,672.0
70.74585193523315,673.0
129.25414806476684,673.0
71.22640798645389,674.0
128.7735920135461,674.0
71.7157287525381,675.0
128.2842712474619,675.0
72.2136651816401,676.0
127.7863348183599,676.0
72.72006559750005,677.0
127.27993440249995,677.0
73.23477574564563,678.0
126.76522425435437,678.0
73.7576388403797,679.0
126.2423611596203,679.0
74.28849561253844,680.0
125.71150438746156,680.0
74.82718435800648,681.0
125.17281564199352,681.0
75.37354098697361,682.0
124.62645901302639,682.0
75.92739907391808,683.0
124.07260092608192,683.0
76.48858990830107,684.0
123.51141009169893,684.0
77.0569425459581,685.0
122.94305745404189,685.0
77.63228386117015,686.0
122.36771613882985,686.0
78.2144385993989,687.0
121.7855614006011,687.0
78.80322943067176,688.0
121.19677056932824,688.0
79.39847700359775,689.0
120.60152299640225,689.0
80.0,690.0
120.0,690.0
80.60761519014648,691.0
119.39238480985352,691.0
81.22113748856435,692.0
118.77886251143565,692.0
81.84038001041807,693.0
118.15961998958193,693.0
82.46515412843688,694.0
117.53484587156312,694.0
83.09526953037202,695.0
116.90473046962798,695.0
83.73053427696794,696.0
116.26946572303206,696.0
84.37075486042909,697.0
115.6292451395709,697.0
85.01573626336352,698.0
114.98426373663646,698.0
85.66528201818795,699.0
114.33471798181203,699.0
86.31919426697317,700.0
113.68080573302682,700.0
86.97727382171375,701.0
113.02272617828625,701.0
87.63932022500208,702.0
112.36067977499792,702.0
88.30513181109046,703.0
111.69486818890952,703.0
88.97450576732,704.0
111.02549423268,704.0
89.64723819589915,705.0
110.35276180410084,705.0
90.32312417601324,706.0
109.67687582398676,706.0
91.00195782624537,707.0
108.99804217375463,707.0
91.68353236728963,708.0
108.31646763271037,708.0
92.36764018493817,709.0
107.63235981506183,709.0
93.05407289332277,710.0
106.94592710667723,710.0
93.74262139839071,711.0
106.25737860160929,711.0
94.43307596159742,712.0
105.56692403840258,712.0
95.12522626379409,713.0
104.8747737362059,713.0
95.81886146929381,714.0
104.18113853070618,714.0
96.51377029009372,715.0
103.48622970990627,715.0
97.209741050235,716.0
102.790258949765,716.0
97.90656175028221,717.0
102.09343824971778,717.0
98.60402013189989,718.0
101.39597986810011,718.0
99.30190374250869,719.0
100.69809625749131,719.0
99.99999999999997,720.0
100.00000000000001,720.0
100.69809625749127,721.0
99.30190374250873,721.0
101.3959798681,722.0
98.6040201319,722.0
102.09343824971774,723.0
97.90656175028225,723.0
102.79025894976496,724.0
97.20974105023504,724.0
103.4862297099063,725.0
96.5137702900937,725.0
104.18113853070614,726.0
95.81886146929386,726.0
104.87477373620592,727.0
95.12522626379408,727.0
105.5669240384026,728.0
94.4330759615974,728.0
106.25737860160918,729.0
93.74262139839082,729.0
106.94592710667725,730.0
93.05407289332274,730.0
107.63235981506179,731.0
92.36764018493821,731.0
108.31646763271033,732.0
91.68353236728967,732.0
108.99804217375451,733.0
91.00195782624549,733.0
109.67687582398672,734.0
90.32312417601328,734.0
110.3527618041008,735.0
89.6472381958992,735.0
111.02549423267989,736.0
88.97450576732011,736.0
111.69486818890955,737.0
88.3051318110905,737.0
112.3606797749978,738.0
87.63932022500212,738.0
113.02272617828626,739.0
86.97727382171372,739.0
113.68080573302672,740.0
86.31919426697328,740.0
114.33471798181193,741.0
85.665282018188,741.0
114.98426373663649,742.0
85.01573626336351,742.0
115.62924513957093,743.0
84.37075486042907,743.0
116.26946572303194,744.0
83.73053427696806,744.0
116.904730469628,745.0
83.095269530372,745.0
117.53484587156308,746.0
82.46515412843692,746.0
118.15961998958181,747.0
81.84038001041819,747.0
118.77886251143566,748.0
81.22113748856432,748.0
119.39238480985347,749.0
80.60761519014652,749.0
119.99999999999996,750.0
80.00000000000004,750.0
120.60152299640208,751.0
79.3984770035979,751.0
121.19677056932821,752.0
78.80322943067179,752.0
121.78556140060105,753.0
78.21443859939895,753.0
122.36771613882993,754.0
77.63228386117014,754.0
122.94305745404174,755.0
77.0569425459582,755.0
123.5114100916989,756.0
76.4885899083011,756.0
124.07260092608199,757.0
75.92739907391807,757.0
124.62645901302625,758.0
75.3735409869737,758.0
125.17281564199348,759.0
74.8271843580065,759.0
125.71150438746164,760.0
74.28849561253841,760.0
126.24236115962022,761.0
73.75763884037973,761.0
126.76522425435432,762.0
73.23477574564572,762.0
127.2799344025,763.0
72.72006559750004,763.0
127.78633481835982,764.0
72.21366518164012,764.0
128.2842712474619,765.0
71.71572875253814,765.0
128.7735920135459,766.0
71.22640798645402,766.0
129.25414806476675,767.0
70.74585193523319,767.0
129.7257930190958,768.0
70.27420698090427,768.0
130.18838320891086,769.0
69.81161679108914,769.0
130.6417777247591,770.0
69.35822227524088,770.0
131.08583845827886,771.0
68.91416154172119,771.0
131.52043014426886,772.0
68.47956985573113,772.0
131.94542040189168,773.0
68.05457959810832,773.0
132.36067977499792,774.0
67.63932022500208,774.0
132.76608177155967,775.0
67.23391822844033,775.0
133.16150290220165,776.0
66.83849709779835,776.0
133.54682271781692,777.0
66.45317728218308,777.0
133.92192384625704,778.0
66.07807615374296,778.0
134.28669202808447,779.0
65.71330797191553,779.0
134.6410161513775,780.0
65.35898384862249,780.0
134.98478828557586,781.0
65.01521171442415,781.0
135.31790371435707,782.0
64.68209628564293,782.0
135.6402609675347,783.0
64.35973903246531,783.0
135.95176185196664,784.0
64.04823814803333,784.0
136.252311481466,785.0
63.747688518534005,785.0
136.54181830570403,786.0
63.45818169429598,786.0
136.82019413809758,787.0
63.179805861902395,787.0
137.0873541826715,788.0
62.912645817328524,788.0
137.3432170598881,789.0
62.65678294011192,789.0
137.5877048314363,790.0
62.412295168563666,790.0
137.82074302397268,791.0
62.17925697602735,791.0
138.04226065180617,792.0
61.95773934819384,792.0
138.2521902385214,793.0
61.74780976147858,793.0
138.45046783753276,794.0
61.54953216246726,794.0
138.6370330515627,795.0
61.36296694843729,795.0
138.81182905103984,796.0
61.188170948960135,796.0
138.97480259140943,797.0
61.02519740859059,797.0
139.1259040293522,798.0
60.87409597064779,798.0
139.26508733790655,799.0
60.73491266209345,799.0
139.39231012048833,800.0
60.60768987951168,800.0
139.5075336238055,801.0
60.4924663761945,801.0
139.6107227496628,802.0
60.38927725033719,802.0
139.7018460656529,803.0
60.29815393434712,803.0
139.78087581473093,804.0
60.21912418526907,804.0
139.8477879236698,805.0
60.15221207633018,805.0
139.90256201039296,806.0
60.09743798960704,806.0
139.94518139018297,807.0
60.05481860981704,807.0
139.97563308076383,808.0
60.02436691923617,808.0
139.99390780625566,809.0
60.00609219374435,809.0
140.0,810.0
60.0,810.0
139.99390780625566,811.0
60.00609219374435,811.0
139.97563308076383,812.0
60.02436691923617,812.0
139.94518139018297,813.0
60.05481860981704,813.0
139.90256201039296,814.0
60.09743798960703,814.0
139.8477879236698,815.0
60.15221207633018,815.0
139.78087581473093,816.0
60.21912418526906,816.0
139.7018460656529,817.0
60.29815393434711,817.0
139.6107227496628,818.0
60.38927725033719,818.0
139.50753362380553,819.0
60.49246637619449,819.0
139.39231012048833,820.0
60.60768987951167,820.0
139.26508733790658,821.0
60.73491266209343,821.0
139.12590402935223,822.0
60.87409597064778,822.0
138.9748025914094,823.0
61.025197408590586,823.0
138.8118290510399,824.0
61.18817094896013,824.0
138.63703305156275,825.0
61.362966948437276,825.0
138.45046783753276,826.0
61.549532162467244,826.0
138.25219023852145,827.0
61.747809761478564,827.0
138.04226065180615,828.0
61.957739348193826,828.0
137.82074302397265,829.0
62.17925697602733,829.0
137.58770483143638,830.0
62.41229516856365,830.0
137.34321705988808,831.0
62.656782940111924,831.0
137.08735418267148,832.0
62.91264581732851,832.0
136.82019413809766,833.0
63.17980586190237,833.0
136.54181830570406,834.0
63.458181694295966,834.0
136.25231148146602,835.0
63.747688518533984,835.0
135.95176185196672,836.0
64.0482381480333,836.0
135.64026096753472,837.0
64.35973903246528,837.0
135.3179037143571,838.0
64.6820962856429,838.0
134.98478828557586,839.0
65.01521171442414,839.0
134.64101615137753,840.0
65.35898384862247,840.0
134.2866920280845,841.0
65.7133079719155,841.0
133.92192384625707,842.0
66.07807615374293,842.0
133.54682271781695,843.0
66.45317728218306,843.0
133.16150290220168,844.0
66.83849709779832,844.0
132.7660817715597,845.0
67.2339182284403,845.0
132.36067977499786,846.0
67.63932022500208,846.0
131.9454204018917,847.0
68.05457959810829,847.0
131.52043014426891,848.0
68.4795698557311,848.0
131.0858384582788,849.0
68.91416154172116,849.0
130.6417777247592,850.0
69.35822227524085,850.0
130.1883832089109,851.0
69.81161679108911,851.0
129.72579301909573,852.0
70.27420698090424,852.0
129.2541480647669,853.0
70.74585193523315,853.0
128.77359201354605,854.0
71.22640798645399,854.0
128.28427124746185,855.0
71.7157287525381,855.0
127.78633481835996,856.0
72.2136651816401,856.0
127.27993440249995,857.0
72.7200655975,857.0
126.76522425435427,858.0
73.23477574564569,858.0
126.24236115962036,859.0
73.7576388403797,859.0
125.71150438746157,860.0
74.28849561253838,860.0
125.17281564199354,861.0
74.82718435800648,861.0
124.62645901302639,862.0
75.37354098697367,862.0
124.07260092608192,863.0
75.92739907391802,863.0
123.51141009169895,864.0
76.48858990830107,864.0
122.9430574540419,865.0
77.05694254595815,865.0
122.36771613882985,866.0
77.63228386117015,866.0
121.7855614006011,867.0
78.2144385993989,867.0
121.19677056932825,868.0
78.80322943067176,868.0
120.60152299640214,869.0
79.39847700359786,869.0
120.0,870.0
80.0,870.0
119.39238480985352,871.0
80.60761519014648,871.0
118.7788625114357,872.0
81.2211374885643,872.0
118.15961998958187,873.0
81.84038001041813,873.0
117.53484587156314,874.0
82.46515412843688,874.0
116.90473046962805,875.0
83.09526953037195,875.0
116.269465723032,876.0
83.73053427696802,876.0
115.62924513957097,877.0
84.37075486042903,877.0
114.98426373663655,878.0
85.01573626336346,878.0
114.33471798181212,879.0
85.66528201818795,879.0
113.68080573302676,880.0
86.31919426697324,880.0
113.02272617828619,881.0
86.97727382171375,881.0
112.36067977499799,882.0
87.63932022500208,882.0
111.69486818890947,883.0
88.30513181109046,883.0
111.02549423267988,884.0
88.97450576732007,884.0
110.35276180410092,885.0
89.64723819589915,885.0
109.6768758239867,886.0
90.32312417601324,886.0
108.9980421737545,887.0
91.00195782624544,887.0
108.31646763271044,888.0
91.68353236728963,888.0
107.63235981506178,889.0
92.36764018493817,889.0
106.94592710667737,890.0
93.0540728933227,890.0
106.2573786016093,891.0
93.74262139839078,891.0
105.56692403840259,892.0
94.43307596159735,892.0
104.87477373620605,893.0
95.12522626379402,893.0
104.18113853070619,894.0
95.81886146929381,894.0
103.48622970990628,895.0
96.51377029009365,895.0
102.790258949765,896.0
97.209741050235,896.0
102.09343824971779,897.0
97.90656175028221,897.0
101.39597986809999,898.0
98.60402013189996,898.0
100.69809625749133,899.0
99.30190374250869,899.0
100.00000000000003,900.0
99.99999999999997,900.0
99.30190374250873,901.0
100.69809625749127,901.0
98.60402013189993,902.0
101.39597986810007,902.0
97.90656175028226,903.0
102.09343824971774,903.0
97.20974105023505,904.0
102.79025894976496,904.0
96.51377029009377,905.0
103.48622970990623,905.0
95.81886146929386,906.0
104.18113853070614,906.0
95.12522626379415,907.0
104.87477373620585,907.0
94.43307596159747,908.0
105.56692403840253,908.0
93.74262139839075,909.0
106.25737860160925,909.0
93.05407289332283,910.0
106.94592710667717,910.0
92.36764018493828,911.0
107.63235981506179,911.0
91.68353236728962,912.0
108.31646763271033,912.0
91.00195782624543,913.0
108.99804217375458,913.0
90.32312417601335,914.0
109.67687582398672,914.0
89.64723819589915,915.0
110.3527618041008,915.0
88.97450576732018,916.0
111.02549423267989,916.0
88.30513181109059,917.0
111.69486818890942,917.0
87.6393202250022,918.0
112.3606797749978,918.0
86.97727382171374,919.0
113.02272617828626,919.0
86.3191942669733,920.0
113.68080573302672,920.0
85.66528201818794,921.0
114.33471798181206,921.0
85.01573626336351,922.0
114.98426373663649,922.0
84.37075486042909,923.0
115.62924513957093,923.0
83.73053427696793,924.0
116.26946572303207,924.0
83.09526953037201,925.0
116.904730469628,925.0
82.46515412843692,926.0
117.53484587156308,926.0
81.84038001041819,927.0
118.15961998958181,927.0
81.22113748856434,928.0
118.77886251143566,928.0
80.60761519014653,929.0
119.39238480985347,929.0
80.00000000000004,930.0
119.99999999999996,930.0
79.39847700359779,931.0
120.60152299640221,931.0
78.80322943067179,932.0
121.19677056932821,932.0
78.21443859939896,933.0
121.78556140060105,933.0
77.63228386117021,934.0
122.3677161388298,934.0
77.05694254595815,935.0
122.94305745404186,935.0
76.4885899083011,936.0
123.5114100916989,936.0
75.92739907391812,937.0
124.07260092608188,937.0
75.37354098697377,938.0
124.62645901302625,938.0
74.82718435800652,939.0
125.17281564199348,939.0
74.28849561253847,940.0
125.71150438746153,940.0
73.7576388403798,941.0
126.24236115962022,941.0
73.23477574564568,942.0
126.76522425435432,942.0
72.7200655975001,943.0
127.2799344024999,943.0
72.21366518164018,944.0
127.78633481835982,944.0
71.7157287525382,945.0
128.28427124746182,945.0
71.22640798645398,946.0
128.77359201354602,946.0
70.74585193523323,947.0
129.25414806476675,947.0
70.27420698090422,948.0
129.7257930190958,948.0
69.81161679108914,949.0
130.18838320891086,949.0
69.35822227524092,950.0
130.6417777247591,950.0
68.91416154172114,951.0
131.08583845827886,951.0
68.47956985573113,952.0
131.52043014426886,952.0
68.05457959810832,953.0
131.94542040189168,953.0
67.63932022500208,954.0
132.36067977499792,954.0
67.23391822844033,955.0
132.76608177155967,955.0
66.83849709779835,956.0
133.16150290220165,956.0
66.45317728218302,957.0
133.546822717817,957.0
66.07807615374296,958.0
133.92192384625704,958.0
65.71330797191553,959.0
134.28669202808447,959.0
65.3589838486225,960.0
134.6410161513775,960.0
65.01521171442415,961.0
134.98478828557586,961.0
64.68209628564293,962.0
135.31790371435707,962.0
64.35973903246531,963.0
135.6402609675347,963.0
64.0482381480333,964.0
135.9517618519667,964.0
63.747688518534005,965.0
136.252311481466,965.0
63.45818169429599,966.0
136.54181830570403,966.0
63.17980586190242,967.0
136.82019413809758,967.0
62.9126458173285,968.0
137.0873541826715,968.0
62.656782940111945,969.0
137.34321705988805,969.0
62.412295168563695,970.0
137.5877048314363,970.0
62.17925697602732,971.0
137.82074302397268,971.0
61.95773934819387,972.0
138.04226065180615,972.0
61.74780976147861,973.0
138.2521902385214,973.0
61.54953216246728,974.0
138.45046783753273,974.0
61.362966948437276,975.0
138.63703305156272,975.0
61.188170948960156,976.0
138.81182905103984,976.0
61.025197408590614,977.0
138.9748025914094,977.0
60.87409597064778,978.0
139.12590402935223,978.0
60.73491266209345,979.0
139.26508733790655,979.0
60.607689879511696,980.0
139.3923101204883,980.0
60.492466376194486,981.0
139.5075336238055,981.0
60.389277250337194,982.0
139.6107227496628,982.0
60.29815393434711,983.0
139.7018460656529,983.0
60.21912418526907,984.0
139.78087581473093,984.0
60.15221207633018,985.0
139.8477879236698,985.0
60.09743798960702,986.0
139.90256201039298,986.0
60.05481860981704,987.0
139.94518139018297,987.0
60.02436691923617,988.0
139.97563308076383,988.0
60.00609219374435,989.0
139.99390780625566,989.0
60.0,990.0
140.0,990.0
60.00609219374435,991.0
139.99390780625566,991.0
60.02436691923617,992.0
139.97563308076383,992.0
60.05481860981705,993.0
139.94518139018294,993.0
60.09743798960703,994.0
139.90256201039296,994.0
60.15221207633017,995.0
139.8477879236698,995.0
60.21912418526906,996.0
139.78087581473093,996.0
60.29815393434712,997.0
139.7018460656529,997.0
60.38927725033719,998.0
139.6107227496628,998.0
60.49246637619448,999.0
139.50753362380553,999.0
60.60768987951165,1000.0
139.39231012048833,1000.0
60.73491266209344,1001.0
139.26508733790655,1001.0
60.874095970647765,1002.0
139.12590402935223,1002.0
61.02519740859057,1003.0
138.97480259140943,1003.0
61.18817094896014,1004.0
138.81182905103987,1004.0
61.36296694843726,1005.0
138.63703305156275,1005.0
61.54953216246722,1006.0
138.45046783753278,1006.0
61.74780976147854,1007.0
138.25219023852145,1007.0
61.95773934819385,1008.0
138.04226065180615,1008.0
62.179256976027304,1009.0
137.82074302397268,1009.0
62.412295168563624,1010.0
137.58770483143638,1010.0
62.656782940111924,1011.0
137.34321705988808,1011.0
62.91264581732848,1012.0
137.0873541826715,1012.0
63.179805861902395,1013.0
136.8201941380976,1013.0
63.45818169429596,1014.0
136.54181830570406,1014.0
63.74768851853398,1015.0
136.25231148146602,1015.0
64.04823814803333,1016.0
135.95176185196667,1016.0
64.35973903246528,1017.0
135.64026096753472,1017.0
64.6820962856429,1018.0
135.3179037143571,1018.0
65.0152117144242,1019.0
134.9847882855758,1019.0
65.35898384862246,1020.0
134.64101615137753,1020.0
65.7133079719155,1021.0
134.2866920280845,1021.0
66.07807615374293,1022.0
133.92192384625707,1022.0
66.45317728218305,1023.0
133.54682271781695,1023.0
66.83849709779832,1024.0
133.16150290220168,1024.0
67.2339182284403,1025.0
132.7660817715597,1025.0
67.63932022500212,1026.0
132.36067977499786,1026.0
68.05457959810829,1027.0
131.9454204018917,1027.0
68.47956985573109,1028.0
131.52043014426891,1028.0
68.91416154172111,1029.0
131.0858384582789,1029.0
69.35822227524088,1030.0
130.64177772475912,1030.0
69.8116167910891,1031.0
130.1883832089109,1031.0
70.27420698090418,1032.0
129.72579301909582,1032.0
70.7458519352331,1033.0
129.2541480647669,1033.0
71.22640798645394,1034.0
128.77359201354605,1034.0
71.71572875253804,1035.0
128.28427124746196,1035.0
72.21366518164004,1036.0
127.78633481835996,1036.0
72.72006559750005,1037.0
127.27993440249995,1037.0
73.23477574564563,1038.0
126.76522425435437,1038.0
73.75763884037963,1039.0
126.24236115962036,1039.0
74.28849561253843,1040.0
125.71150438746157,1040.0
74.82718435800646,1041.0
125.17281564199354,1041.0
75.3735409869736,1042.0
124.62645901302639,1042.0
75.92739907391808,1043.0
124.07260092608192,1043.0
76.48858990830105,1044.0
123.51141009169895,1044.0
77.0569425459581,1045.0
122.9430574540419,1045.0
77.63228386117015,1046.0
122.36771613882985,1046.0
78.2144385993989,1047.0
121.7855614006011,1047.0
78.80322943067186,1048.0
121.19677056932812,1048.0
79.39847700359786,1049.0
120.60152299640214,1049.0
80.0,1050.0
120.0,1050.0
80.60761519014648,1051.0
119.39238480985352,1051.0
81.22113748856441,1052.0
118.77886251143559,1052.0
81.84038001041813,1053.0
118.15961998958187,1053.0
82.46515412843686,1054.0
117.53484587156314,1054.0
83.09526953037195,1055.0
116.90473046962805,1055.0
83.730534276968,1056.0
116.269465723032,1056.0
84.37075486042902,1057.0
115.62924513957097,1057.0
85.01573626336345,1058.0
114.98426373663655,1058.0
85.66528201818801,1059.0
114.33471798181198,1059.0
86.31919426697323,1060.0
113.68080573302676,1060.0
86.97727382171368,1061.0
113.02272617828632,1061.0
87.63932022500201,1062.0
112.36067977499799,1062.0
88.30513181109052,1063.0
111.69486818890947,1063.0
88.97450576731998,1064.0
111.02549423268002,1064.0
89.64723819589908,1065.0
110.35276180410092,1065.0
90.32312417601315,1066.0
109.67687582398683,1066.0
91.00195782624536,1067.0
108.99804217375463,1067.0
91.68353236728954,1068.0
108.31646763271044,1068.0
92.36764018493808,1069.0
107.6323598150619,1069.0
93.05407289332275,1070.0
106.94592710667723,1070.0
93.7426213983907,1071.0
106.2573786016093,1071.0
94.43307596159727,1072.0
105.56692403840273,1072.0
95.12522626379409,1073.0
104.87477373620591,1073.0
95.81886146929381,1074.0
104.18113853070619,1074.0
96.51377029009372,1075.0
103.48622970990628,1075.0
97.20974105023498,1076.0
102.790258949765,1076.0
97.90656175028221,1077.0
102.09343824971779,1077.0
98.60402013190001,1078.0
101.39597986809999,1078.0
99.30190374250867,1079.0
100.69809625749133,1079.0
99.99999999999997,1080.0
100.00000000000003,1080.0
100.6980962574914,1081.0
99.30190374250859,1081.0
101.39597986810006,1082.0
98.60402013189993,1082.0
102.09343824971774,1083.0
97.90656175028226,1083.0
102.79025894976495,1084.0
97.20974105023505,1084.0
103.48622970990635,1085.0
96.51377029009363,1085.0
104.18113853070614,1086.0
95.81886146929386,1086.0
104.87477373620584,1087.0
95.12522626379415,1087.0
105.56692403840266,1088.0
94.43307596159734,1088.0
106.25737860160923,1089.0
93.74262139839075,1089.0
106.94592710667717,1090.0
93.05407289332283,1090.0
107.6323598150617,1091.0
92.36764018493828,1091.0
108.31646763271038,1092.0
91.68353236728962,1092.0
108.99804217375457,1093.0
91.00195782624543,1093.0
109.67687582398663,1094.0
90.32312417601335,1094.0
110.35276180410071,1095.0
89.64723819589928,1095.0
111.02549423267995,1096.0
88.97450576732004,1096.0
111.69486818890941,1097.0
88.30513181109059,1097.0
112.36067977499779,1098.0
87.6393202250022,1098.0
113.02272617828626,1099.0
86.97727382171374,1099.0
113.6808057330267,1100.0
86.3191942669733,1100.0
114.33471798181192,1101.0
85.66528201818807,1101.0
114.98426373663635,1102.0
85.01573626336364,1102.0
115.62924513957091,1103.0
84.37075486042909,1103.0
116.26946572303193,1104.0
83.73053427696806,1104.0
116.90473046962799,1105.0
83.09526953037201,1105.0
117.53484587156308,1106.0
82.46515412843692,1106.0
118.15961998958181,1107.0
81.84038001041819,1107.0
118.77886251143565,1108.0
81.22113748856434,1108.0
119.39238480985347,1109.0
80.60761519014653,1109.0
120.00000000000007,1110.0
79.99999999999993,1110.0
120.6015229964022,1111.0
79.39847700359779,1111.0
121.1967705693282,1112.0
78.80322943067179,1112.0
121.78556140060104,1113.0
78.21443859939896,1113.0
122.36771613882992,1114.0
77.63228386117008,1114.0
122.94305745404185,1115.0
77.05694254595815,1115.0
123.5114100916989,1116.0
76.4885899083011,1116.0
124.07260092608186,1117.0
75.92739907391812,1117.0
124.62645901302635,1118.0
75.37354098697365,1118.0
125.17281564199348,1119.0
74.82718435800652,1119.0
125.71150438746152,1120.0
74.28849561253847,1120.0
126.24236115962032,1121.0
73.75763884037968,1121.0
126.76522425435432,1122.0
73.23477574564568,1122.0
127.27993440249989,1123.0
72.7200655975001,1123.0
127.78633481835982,1124.0
72.21366518164018,1124.0
128.2842712474619,1125.0
71.7157287525381,1125.0
128.77359201354602,1126.0
71.22640798645398,1126.0
129.25414806476675,1127.0
70.74585193523323,1127.0
129.72579301909568,1128.0
70.27420698090431,1128.0
130.18838320891086,1129.0
69.81161679108914,1129.0
130.64177772475907,1130.0
69.35822227524092,1130.0
131.08583845827877,1131.0
68.91416154172123,1131.0
131.52043014426886,1132.0
68.47956985573113,1132.0
131.94542040189168,1133.0
68.05457959810832,1133.0
132.36067977499783,1134.0
67.63932022500217,1134.0
132.76608177155967,1135.0
67.23391822844033,1135.0
133.16150290220165,1136.0
66.83849709779835,1136.0
133.5468227178169,1137.0
66.45317728218308,1137.0
133.92192384625704,1138.0
66.07807615374296,1138.0
134.28669202808447,1139.0
65.71330797191553,1139.0
134.64101615137758,1140.0
65.35898384862242,1140.0
134.98478828557583,1141.0
65.01521171442415,1141.0
135.31790371435707,1142.0
64.68209628564293,1142.0
135.64026096753474,1143.0
64.35973903246526,1143.0
135.9517618519667,1144.0
64.0482381480333,1144.0
136.252311481466,1145.0
63.747688518534005,1145.0
136.541818305704,1146.0
63.45818169429599,1146.0
136.82019413809763,1147.0
63.17980586190237,1147.0
137.0873541826715,1148.0
62.9126458173285,1148.0
137.34321705988805,1149.0
62.656782940111945,1149.0
137.5877048314363,1150.0
62.412295168563695,1150.0
137.82074302397268,1151.0
62.17925697602732,1151.0
138.04226065180615,1152.0
61.95773934819387,1152.0
138.2521902385214,1153.0
61.74780976147861,1153.0
138.45046783753276,1154.0
61.54953216246724,1154.0
138.63703305156272,1155.0
61.362966948437276,1155.0
138.81182905103984,1156.0
61.188170948960156,1156.0
138.9748025914094,1157.0
61.025197408590614,1157.0
139.12590402935223,1158.0
60.87409597064778,1158.0
139.26508733790655,1159.0
60.73491266209345,1159.0
139.3923101204883,1160.0
60.607689879511696,1160.0
139.5075336238055,1161.0
60.492466376194514,1161.0
139.6107227496628,1162.0
60.389277250337194,1162.0
139.7018460656529,1163.0
60.29815393434713,1163.0
139.7808758147309,1164.0
60.21912418526908,1164.0
139.8477879236698,1165.0
60.15221207633018,1165.0
139.90256201039296,1166.0
60.09743798960704,1166.0
139.94518139018297,1167.0
60.05481860981704,1167.0
139.97563308076383,1168.0
60.02436691923617,1168.0
139.99390780625566,1169.0
60.00609219374435,1169.0
140.0,1170.0
60.0,1170.0
139.99390780625566,1171.0
60.00609219374435,1171.0
139.97563308076383,1172.0
60.02436691923617,1172.0
139.94518139018294,1173.0
60.05481860981705,1173.0
139.90256201039296,1174.0
60.09743798960703,1174.0
139.84778792366984,1175.0
60.15221207633017,1175.0
139.78087581473093,1176.0
60.219124185269074,1176.0
139.7018460656529,1177.0
60.29815393434712,1177.0
139.6107227496628,1178.0
60.38927725033719,1178.0
139.50753362380553,1179.0
60.49246637619448,1179.0
139.39231012048833,1180.0
60.60768987951168,1180.0
139.26508733790655,1181.0
60.73491266209344,1181.0
139.12590402935223,1182.0
60.874095970647765,1182.0
138.97480259140943,1183.0
61.02519740859057,1183.0
138.81182905103987,1184.0
61.18817094896014,1184.0
138.63703305156275,1185.0
61.36296694843726,1185.0
138.45046783753278,1186.0
61.54953216246722,1186.0
138.25219023852142,1187.0
61.747809761478585,1187.0
138.04226065180615,1188.0
61.95773934819385,1188.0
137.8207430239727,1189.0
62.179256976027304,1189.0
137.58770483143638,1190.0
62.412295168563624,1190.0
137.34321705988808,1191.0
62.656782940111924,1191.0
137.08735418267153,1192.0
62.91264581732848,1192.0
136.82019413809766,1193.0
63.179805861902345,1193.0
136.5418183057041,1194.0
63.4581816942959,1194.0
136.25231148146602,1195.0
63.74768851853398,1195.0
135.95176185196672,1196.0
64.04823814803328,1196.0
135.64026096753472,1197.0
64.35973903246528,1197.0
135.3179037143571,1198.0
64.6820962856429,1198.0
134.98478828557586,1199.0
65.01521171442413,1199.0
134.64101615137753,1200.0
65.35898384862246,1200.0
134.2866920280845,1201.0
65.7133079719155,1201.0
133.92192384625702,1202.0
66.078076153743,1202.0
133.54682271781695,1203.0
66.45317728218305,1203.0
133.16150290220168,1204.0
66.83849709779832,1204.0
132.7660817715597,1205.0
67.2339182284403,1205.0
132.3606797749979,1206.0
67.63932022500212,1206.0
131.9454204018917,1207.0
68.05457959810829,1207.0
131.52043014426891,1208.0
68.47956985573109,1208.0
131.0858384582788,1209.0
68.9141615417212,1209.0
130.64177772475912,1210.0
69.35822227524088,1210.0
130.18838320891092,1211.0
69.8116167910891,1211.0
129.72579301909582,1212.0
70.27420698090418,1212.0
129.2541480647668,1213.0
70.74585193523319,1213.0
128.77359201354608,1214.0
71.22640798645394,1214.0
128.28427124746196,1215.0
71.71572875253804,1215.0
127.78633481835998,1216.0
72.21366518164004,1216.0
127.27993440249995,1217.0
72.72006559750005,1217.0
126.76522425435437,1218.0
73.23477574564563,1218.0
126.24236115962037,1219.0
73.75763884037963,1219.0
125.71150438746159,1220.0
74.28849561253843,1220.0
125.17281564199354,1221.0
74.82718435800646,1221.0
124.6264590130264,1222.0
75.3735409869736,1222.0
124.07260092608205,1223.0
75.92739907391797,1223.0
123.51141009169896,1224.0
76.48858990830105,1224.0
122.9430574540419,1225.0
77.0569425459581,1225.0
122.36771613882998,1226.0
77.63228386117002,1226.0
121.7855614006011,1227.0
78.2144385993989,1227.0
121.19677056932827,1228.0
78.80322943067175,1228.0
120.60152299640227,1229.0
79.39847700359775,1229.0
120.00000000000001,1230.0
80.0,1230.0
119.39238480985352,1231.0
80.60761519014648,1231.0
118.77886251143559,1232.0
81.22113748856441,1232.0
118.15961998958187,1233.0
81.84038001041813,1233.0
117.53484587156314,1234.0
82.46515412843686,1234.0
116.90473046962794,1235.0
83.09526953037206,1235.0
116.269465723032,1236.0
83.730534276968,1236.0
115.62924513957098,1237.0
84.37075486042902,1237.0
114.98426373663642,1238.0
85.01573626336358,1238.0
114.33471798181199,1239.0
85.66528201818801,1239.0
113.68080573302677,1240.0
86.31919426697323,1240.0
113.02272617828633,1241.0
86.97727382171368,1241.0
112.36067977499786,1242.0
87.63932022500214,1242.0
111.69486818890948,1243.0
88.30513181109052,1243.0
111.02549423268002,1244.0
88.97450576731998,1244.0
110.35276180410092,1245.0
89.64723819589908,1245.0
109.6768758239867,1246.0
90.3231241760133,1246.0
108.99804217375464,1247.0
91.00195782624536,1247.0
108.31646763271046,1248.0
91.68353236728954,1248.0
107.63235981506178,1249.0
92.36764018493822,1249.0
106.94592710667725,1250.0
93.05407289332275,1250.0
106.2573786016093,1251.0
93.7426213983907,1251.0
105.56692403840273,1252.0
94.43307596159727,1252.0
104.87477373620592,1253.0
95.12522626379409,1253.0
104.1811385307062,1254.0
95.81886146929381,1254.0
103.48622970990644,1255.0
96.51377029009357,1255.0
102.79025894976516,1256.0
97.20974105023484,1256.0
102.0934382497178,1257.0
97.90656175028221,1257.0
101.39597986810013,1258.0
98.60402013189987,1258.0
100.69809625749133,1259.0
99.30190374250867,1259.0
100.00000000000004,1260.0
99.99999999999997,1260.0
99.30190374250874,1261.0
100.69809625749126,1261.0
98.60402013189994,1262.0
101.39597986810006,1262.0
97.90656175028228,1263.0
102.09343824971774,1263.0
97.20974105023505,1264.0
102.79025894976495,1264.0
96.51377029009365,1265.0
103.48622970990635,1265.0
95.81886146929388,1266.0
104.18113853070614,1266.0
95.12522626379416,1267.0
104.87477373620584,1267.0
94.43307596159734,1268.0
105.56692403840266,1268.0
93.74262139839077,1269.0
106.25737860160923,1269.0
93.05407289332283,1270.0
106.94592710667717,1270.0
92.36764018493815,1271.0
107.63235981506185,1271.0
91.68353236728962,1272.0
108.31646763271038,1272.0
91.00195782624543,1273.0
108.99804217375457,1273.0
90.32312417601337,1274.0
109.67687582398663,1274.0
89.64723819589915,1275.0
110.35276180410085,1275.0
88.97450576732005,1276.0
111.02549423267995,1276.0
88.3051318110906,1277.0
111.69486818890941,1277.0
87.63932022500221,1278.0
112.36067977499779,1278.0
86.97727382171374,1279.0
113.02272617828626,1279.0
86.3191942669733,1280.0
113.6808057330267,1280.0
85.66528201818808,1281.0
114.33471798181192,1281.0
85.01573626336352,1282.0
114.98426373663648,1282.0
84.37075486042909,1283.0
115.62924513957091,1283.0
83.73053427696807,1284.0
116.26946572303193,1284.0
83.09526953037214,1285.0
116.90473046962786,1285.0
82.46515412843694,1286.0
117.53484587156308,1286.0
81.84038001041819,1287.0
118.15961998958181,1287.0
81.22113748856447,1288.0
118.77886251143553,1288.0
80.60761519014653,1289.0
119.39238480985347,1289.0
80.00000000000006,1290.0
119.99999999999994,1290.0
79.39847700359792,1291.0
120.60152299640208,1291.0
78.8032294306718,1292.0
121.1967705693282,1292.0
78.21443859939896,1293.0
121.78556140060104,1293.0
77.6322838611701,1294.0
122.36771613882992,1294.0
77.05694254595815,1295.0
122.94305745404185,1295.0
76.48858990830111,1296.0
123.5114100916989,1296.0
75.92739907391802,1297.0
124.07260092608198,1297.0
75.37354098697365,1298.0
124.62645901302635,1298.0
74.82718435800652,1299.0
125.17281564199348,1299.0
74.28849561253848,1300.0
125.71150438746152,1300.0
73.75763884037968,1301.0
126.24236115962032,1301.0
73.23477574564569,1302.0
126.76522425435432,1302.0
72.72006559750011,1303.0
127.27993440249989,1303.0
72.21366518164018,1304.0
127.78633481835982,1304.0
71.7157287525381,1305.0
128.2842712474619,1305.0
71.22640798645389,1306.0
128.7735920135461,1306.0
70.74585193523325,1307.0
129.25414806476675,1307.0
70.27420698090422,1308.0
129.7257930190958,1308.0
69.81161679108924,1309.0
130.18838320891075,1309.0
69.35822227524093,1310.0
130.64177772475907,1310.0
68.91416154172116,1311.0
131.08583845827886,1311.0
68.47956985573123,1312.0
131.52043014426877,1312.0
68.05457959810832,1313.0
131.94542040189168,1313.0
67.63932022500208,1314.0
132.36067977499792,1314.0
67.23391822844042,1315.0
132.76608177155958,1315.0
66.83849709779837,1316.0
133.16150290220165,1316.0
66.45317728218302,1317.0
133.54682271781698,1317.0
66.07807615374304,1318.0
133.92192384625696,1318.0
65.71330797191553,1319.0
134.28669202808447,1319.0
65.3589838486225,1320.0
134.6410161513775,1320.0
65.01521171442423,1321.0
134.98478828557577,1321.0
64.68209628564294,1322.0
135.31790371435707,1322.0
64.35973903246531,1323.0
135.6402609675347,1323.0
64.0482381480333,1324.0
135.9517618519667,1324.0
63.74768851853401,1325.0
136.252311481466,1325.0
63.458181694295995,1326.0
136.541818305704,1326.0
63.17980586190237,1327.0
136.82019413809763,1327.0
62.91264581732851,1328.0
137.0873541826715,1328.0
62.656782940111945,1329.0
137.34321705988805,1329.0
62.41229516856365,1330.0
137.58770483143635,1330.0
62.179256976027375,1331.0
137.82074302397262,1331.0
61.95773934819387,1332.0
138.04226065180615,1332.0
61.747809761478564,1333.0
138.25219023852145,1333.0
61.54953216246728,1334.0
138.45046783753273,1334.0
61.362966948437276,1335.0
138.63703305156272,1335.0
61.18817094896012,1336.0
138.81182905103987,1336.0
61.025197408590614,1337.0
138.9748025914094,1337.0
60.87409597064778,1338.0
139.12590402935223,1338.0
60.73491266209343,1339.0
139.26508733790658,1339.0
60.607689879511696,1340.0
139.3923101204883,1340.0
60.49246637619449,1341.0
139.5075336238055,1341.0
60.389277250337216,1342.0
139.61072274966278,1342.0
60.29815393434713,1343.0
139.7018460656529,1343.0
60.21912418526907,1344.0
139.78087581473093,1344.0
60.152212076330194,1345.0
139.8477879236698,1345.0
60.09743798960704,1346.0
139.90256201039296,1346.0
60.05481860981704,1347.0
139.94518139018297,1347.0
60.02436691923618,1348.0
139.97563308076383,1348.0
60.00609219374435,1349.0
139.99390780625566,1349.0
60.0,1350.0
140.0,1350.0
60.00609219374435,1351.0
139.99390780625566,1351.0
60.02436691923617,1352.0
139.97563308076383,1352.0
60.05481860981704,1353.0
139.94518139018297,1353.0
60.09743798960703,1354.0
139.90256201039296,1354.0
60.15221207633017,1355.0
139.84778792366984,1355.0
60.21912418526905,1356.0
139.78087581473093,1356.0
60.29815393434712,1357.0
139.7018460656529,1357.0
60.38927725033718,1358.0
139.6107227496628,1358.0
60.49246637619448,1359.0
139.50753362380553,1359.0
60.60768987951168,1360.0
139.39231012048833,1360.0
60.734912662093436,1361.0
139.26508733790655,1361.0
60.87409597064776,1362.0
139.12590402935223,1362.0
61.0251974085906,1363.0
138.9748025914094,1363.0
61.188170948960106,1364.0
138.8118290510399,1364.0
61.362966948437254,1365.0
138.63703305156275,1365.0
61.54953216246726,1366.0
138.45046783753276,1366.0
61.747809761478536,1367.0
138.25219023852145,1367.0
61.95773934819385,1368.0
138.04226065180615,1368.0
62.17925697602735,1369.0
137.82074302397265,1369.0
62.41229516856362,1370.0
137.58770483143638,1370.0
62.65678294011192,1371.0
137.34321705988808,1371.0
62.91264581732853,1372.0
137.08735418267148,1372.0
63.17980586190234,1373.0
136.82019413809766,1373.0
63.45818169429596,1374.0
136.54181830570406,1374.0
63.74768851853391,1375.0
136.25231148146608,1375.0
64.04823814803328,1376.0
135.95176185196672,1376.0
64.35973903246528,1377.0
135.64026096753472,1377.0
64.68209628564283,1378.0
135.31790371435716,1378.0
65.01521171442411,1379.0
134.98478828557586,1379.0
65.35898384862246,1380.0
134.64101615137753,1380.0
65.7133079719155,1381.0
134.2866920280845,1381.0
66.07807615374293,1382.0
133.92192384625707,1382.0
66.45317728218305,1383.0
133.54682271781695,1383.0
66.83849709779832,1384.0
133.16150290220168,1384.0
67.23391822844029,1385.0
132.7660817715597,1385.0
67.63932022500204,1386.0
132.36067977499795,1386.0
68.05457959810828,1387.0
131.9454204018917,1387.0
68.47956985573109,1388.0
131.52043014426891,1388.0
68.9141615417211,1389.0
131.0858384582789,1389.0
69.35822227524088,1390.0
130.64177772475912,1390.0
69.81161679108908,1391.0
130.18838320891092,1391.0
70.27420698090417,1392.0
129.72579301909582,1392.0
70.74585193523319,1393.0
129.2541480647668,1393.0
71.22640798645403,1394.0
128.77359201354597,1394.0
71.71572875253804,1395.0
128.28427124746196,1395.0
72.21366518164012,1396.0
127.78633481835988,1396.0
72.72006559749994,1397.0
127.27993440250006,1397.0
73.23477574564562,1398.0
126.76522425435437,1398.0
73.75763884037973,1399.0
126.24236115962026,1399.0
74.28849561253831,1400.0
125.71150438746169,1400.0
74.82718435800646,1401.0
125.17281564199354,1401.0
75.37354098697371,1402.0
124.62645901302629,1402.0
75.92739907391795,1403.0
124.07260092608205,1403.0
76.48858990830104,1404.0
123.51141009169896,1404.0
77.05694254595821,1405.0
122.94305745404179,1405.0
77.63228386117001,1406.0
122.36771613882998,1406.0
78.21443859939889,1407.0
121.7855614006011,1407.0
78.80322943067173,1408.0
121.19677056932827,1408.0
79.39847700359773,1409.0
120.60152299640227,1409.0
79.99999999999999,1410.0
120.00000000000001,1410.0
80.60761519014646,1411.0
119.39238480985352,1411.0
81.22113748856427,1412.0
118.77886251143572,1412.0
81.84038001041813,1413.0
118.15961998958187,1413.0
82.46515412843686,1414.0
117.53484587156314,1414.0
83.09526953037194,1415.0
116.90473046962806,1415.0
83.730534276968,1416.0
116.269465723032,1416.0
84.37075486042902,1417.0
115.62924513957098,1417.0
85.01573626336344,1418.0
114.98426373663655,1418.0
85.66528201818801,1419.0
114.33471798181199,1419.0
86.31919426697323,1420.0
113.68080573302677,1420.0
86.9772738217138,1421.0
113.02272617828619,1421.0
87.639320225002,1422.0
112.360679774998,1422.0
88.30513181109052,1423.0
111.69486818890948,1423.0
88.97450576732011,1424.0
111.02549423267988,1424.0
89.64723819589906,1425.0
110.35276180410092,1425.0
90.3231241760133,1426.0
109.6768758239867,1426.0
91.00195782624549,1427.0
108.9980421737545,1427.0
91.68353236728953,1428.0
108.31646763271046,1428.0
92.36764018493821,1429.0
107.63235981506178,1429.0
93.0540728933229,1430.0
106.9459271066771,1430.0
93.74262139839068,1431.0
106.2573786016093,1431.0
94.4330759615974,1432.0
105.56692403840259,1432.0
95.12522626379393,1433.0
104.87477373620607,1433.0
95.8188614692938,1434.0
104.1811385307062,1434.0
96.5137702900937,1435.0
103.4862297099063,1435.0
97.20974105023484,1436.0
102.79025894976516,1436.0
97.9065617502822,1437.0
102.0934382497178,1437.0
98.6040201319,1438.0
101.39597986809999,1438.0
99.30190374250851,1439.0
100.69809625749147,1439.0
99.99999999999996,1440.0
100.00000000000004,1440.0
100.6980962574914,1441.0
99.3019037425086,1441.0
101.39597986809991,1442.0
98.60402013190009,1442.0
102.09343824971772,1443.0
97.90656175028228,1443.0
102.79025894976493,1444.0
97.20974105023505,1444.0
103.48622970990621,1445.0
96.51377029009379,1445.0
104.18113853070612,1446.0
95.81886146929388,1446.0
104.87477373620584,1447.0
95.12522626379416,1447.0
105.5669240384025,1448.0
94.43307596159748,1448.0
106.25737860160922,1449.0
93.74262139839077,1449.0
106.94592710667716,1450.0
93.05407289332283,1450.0
107.63235981506183,1451.0
92.36764018493815,1451.0
108.31646763271037,1452.0
91.68353236728962,1452.0
108.99804217375456,1453.0
91.00195782624543,1453.0
109.67687582398676,1454.0
90.32312417601324,1454.0
110.35276180410071,1455.0
89.64723819589929,1455.0
111.02549423267993,1456.0
88.97450576732005,1456.0
111.69486818890954,1457.0
88.30513181109046,1457.0
112.36067977499779,1458.0
87.63932022500221,1458.0
113.02272617828625,1459.0
86.97727382171374,1459.0
113.68080573302683,1460.0
86.31919426697317,1460.0
114.3347179818119,1461.0
85.66528201818808,1461.0
114.98426373663648,1462.0
85.01573626336352,1462.0
115.62924513957104,1463.0
84.37075486042896,1463.0
116.26946572303193,1464.0
83.73053427696807,1464.0
116.90473046962799,1465.0
83.09526953037201,1465.0
117.53484587156294,1466.0
82.46515412843706,1466.0
118.1596199895818,1467.0
81.84038001041819,1467.0
118.77886251143565,1468.0
81.22113748856435,1468.0
119.39238480985334,1469.0
80.60761519014666,1469.0
119.99999999999994,1470.0
80.00000000000006,1470.0
120.6015229964022,1471.0
79.3984770035978,1471.0
121.19677056932807,1472.0
78.80322943067193,1472.0
121.78556140060104,1473.0
78.21443859939896,1473.0
122.3677161388299,1474.0
77.6322838611701,1474.0
122.94305745404174,1475.0
77.05694254595826,1475.0
123.51141009169889,1476.0
76.48858990830111,1476.0
124.07260092608186,1477.0
75.92739907391814,1477.0
124.62645901302633,1478.0
75.37354098697365,1478.0
125.17281564199348,1479.0
74.82718435800652,1479.0
125.71150438746152,1480.0
74.28849561253848,1480.0
126.24236115962032,1481.0
73.75763884037968,1481.0
126.76522425435431,1482.0
73.23477574564569,1482.0
127.27993440249989,1483.0
72.72006559750011,1483.0
127.78633481835992,1484.0
72.21366518164008,1484.0
128.2842712474619,1485.0
71.7157287525381,1485.0
128.77359201354602,1486.0
71.22640798645399,1486.0
129.25414806476684,1487.0
70.74585193523315,1487.0
129.72579301909568,1488.0
70.27420698090432,1488.0
130.18838320891086,1489.0
69.81161679108914,1489.0
130.64177772475915,1490.0
69.35822227524085,1490.0
131.08583845827877,1491.0
68.91416154172124,1491.0
131.52043014426886,1492.0
68.47956985573114,1492.0
131.94542040189177,1493.0
68.05457959810823,1493.0
132.36067977499783,1494.0
67.63932022500217,1494.0
132.76608177155967,1495.0
67.23391822844033,1495.0
133.1615029022017,1496.0
66.8384970977983,1496.0
133.5468227178169,1497.0
66.45317728218309,1497.0
133.92192384625702,1498.0
66.07807615374296,1498.0
134.2866920280844,1499.0
65.71330797191561,1499.0
134.6410161513775,1500.0
65.3589838486225,1500.0
134.98478828557583,1501.0
65.01521171442417,1501.0
135.317903714357,1502.0
64.68209628564301,1502.0
135.6402609675347,1503.0
64.35973903246531,1503.0
135.9517618519667,1504.0
64.0482381480333,1504.0
136.25231148146594,1505.0
63.74768851853407,1505.0
136.541818305704,1506.0
63.458181694295995,1506.0
136.82019413809763,1507.0
63.17980586190237,1507.0
137.0873541826715,1508.0
62.91264581732851,1508.0
137.34321705988805,1509.0
62.656782940111945,1509.0
137.5877048314363,1510.0
62.4122951685637,1510.0
137.82074302397268,1511.0
62.179256976027325,1511.0
138.04226065180615,1512.0
61.95773934819387,1512.0
138.2521902385214,1513.0
61.74780976147861,1513.0
138.45046783753276,1514.0
61.54953216246724,1514.0
138.63703305156272,1515.0
61.362966948437276,1515.0
138.81182905103984,1516.0
61.188170948960156,1516.0
138.9748025914094,1517.0
61.025197408590586,1517.0
139.12590402935223,1518.0
60.87409597064778,1518.0
139.26508733790655,1519.0
60.73491266209346,1519.0
139.39231012048833,1520.0
60.60768987951167,1520.0
139.5075336238055,1521.0
60.492466376194514,1521.0
139.6107227496628,1522.0
60.389277250337194,1522.0
139.7018460656529,1523.0
60.29815393434711,1523.0
139.7808758147309,1524.0
60.21912418526908,1524.0
139.8477879236698,1525.0
60.15221207633018,1525.0
139.90256201039296,1526.0
60.09743798960703,1526.0
139.94518139018294,1527.0
60.05481860981705,1527.0
139.97563308076383,1528.0
60.02436691923617,1528.0
139.99390780625566,1529.0
60.00609219374435,1529.0
140.0,1530.0
60.0,1530.0
139.99390780625566,1531.0
60.00609219374435,1531.0
139.97563308076383,1532.0
60.024366919236165,1532.0
139.94518139018297,1533.0
60.05481860981704,1533.0
139.90256201039296,1534.0
60.09743798960703,1534.0
139.84778792366984,1535.0
60.15221207633017,1535.0
139.78087581473096,1536.0
60.21912418526905,1536.0
139.7018460656529,1537.0
60.29815393434712,1537.0
139.6107227496628,1538.0
60.38927725033718,1538.0
139.50753362380553,1539.0
60.49246637619448,1539.0
139.39231012048833,1540.0
60.60768987951168,1540.0
139.26508733790655,1541.0
60.734912662093436,1541.0
139.12590402935223,1542.0
60.87409597064776,1542.0
138.97480259140943,1543.0
61.02519740859057,1543.0
138.81182905103987,1544.0
61.188170948960135,1544.0
138.63703305156275,1545.0
61.362966948437254,1545.0
138.45046783753278,1546.0
61.549532162467216,1546.0
138.25219023852142,1547.0
61.747809761478585,1547.0
138.04226065180612,1548.0
61.95773934819389,1548.0
137.8207430239727,1549.0
62.1792569760273,1549.0
137.58770483143633,1550.0
62.412295168563666,1550.0
137.34321705988805,1551.0
62.65678294011197,1551.0
137.08735418267153,1552.0
62.912645817328475,1552.0
136.8201941380976,1553.0
63.179805861902395,1553.0
136.5418183057041,1554.0
63.4581816942959,1554.0
136.25231148146602,1555.0
63.74768851853398,1555.0
135.95176185196667,1556.0
64.04823814803333,1556.0
135.6402609675348,1557.0
64.35973903246521,1557.0
135.3179037143571,1558.0
64.6820962856429,1558.0
